IY       0     0       6      RING
2009/09/29  19:46:03  899197159   1193  55    28      2       61380  0     1       30699   270   9        Y       0     0       6      RING
2009/09/29  19:47:03  899197831   1194  55    40      0       61381  0     1       30700   270   9        Y       0     0       5      RING
2009/09/29  19:48:04  899198499   1195  55    45      0       61382  0     1       30701   270   13       Y       0     0       9      RING
2009/09/29  19:49:02  899199150   1196  55    42      0       61383  0     1       30702   270   10       Y       0     0       7      RING
2009/09/29  19:50:24  899200055   1197  55    43      0       61384  0     1       30703   270   30       Y       0     0       5      RING
2009/09/29  19:51:03  899201183   1199  95    21      0       61386  0     1       30705   270   21       Y       0     0       15     RING
2009/09/29  19:53:03  899201823   1200  95    21      0       61387  0     1       30706   270   9        Y       0     0       6      RING
2009/09/29  19:54:03  899202495   1201  95    28      0       61388  0     1       30707   270   15       Y       0     0       11     RING
2009/09/29  19:55:05  899203181    1198  55    38      0       61385  0     1       30704   270   11       Y       0     0       7      RING
2009/09/29  19:52:06  899201183   1199  95    21      0       61386  0     1       30705   270   21       Y       0     0       15     RING
2009/09/29  19:53:03  899201823   1200  95    21      0       61387  0     1       30706   270   9        Y       0     0       6      RING
2009/09/29  19:54:03  899202495   12019200055   1197  55    43      0       61384  0     1       30703   270   30       Y       0     0       5      RING
2009/09/29  19:51:03  899201183   1199  95 00  95    21      0       61387  0     1       30706   270   9        Y       0     0       6      RING
2009/09/29  19:54:03  899202495   1201  95    28      0       61388  0     1       30707   270   15       Y       0     0       11     RING
2009/09/29  19:55:05  899203181    1198  55    38      0       61385  0     1       30704   270   11       Y       0     0       7      RING
2009/09/29  19:52:06  899201183   1   21      0       61386  0     1       30705   270   21       Y       0     0       15     RING
2009/09/29  19:53:03  89  95    28      0       61388  0     1       30707   270   15       Y       0     0       11     RING
2009/09/29  19:55:05  899203181   1202  95    28      0       61389  0     1       30708   270   16       Y       0     0       11     RING
2009/09/29  19:56:05  899203850   1203  95    45      0       61390  0     1       30709   270   15       Y       0     0       9      RING
2009/09/29  19:57:02  899204483   1204  95    46      0       61391  0     1       30710   270   15       Y       0     0       12     RING
2009/09/29  19:58:06  899205197   1205   1197  55    43      0       61384  0     1       30703   270   30       Y       0     0       5      RING
2009/09/29  19:51:03  899200495   1198  55    38      0       61385  0     1       30704   270   11       Y       0     0       7      RING
2009/09/29  19:52:06  899201183   1199  95    21      0       61386  0     1       30705   270   21       Y       0     0       15     RING
2009/09/29  19:53:03  899201823   1200  95    21      0       61387  0     1       30706   270   9        Y       0     0       6      RING
2009/09/29  19:54:03  899202495   1201  95    28      0       61388  0     1       30707   270   15       Y       0     0       11     RING
2009/09/29  19:55:05  899203181   95    46      0       61392  0     1       30711   270   16       Y       0     0       9      RING
2009/09/29  20:00:03  899206492   1206  95    44      0       61393  0     1       30712   270   69       Y       0     1       6      RING
2009/09/29  20:00:18  899206660   1207  95    38      0       61394  0     1       30713   270   24       Y       0     0       5      
2009/09/29  20:01:06  899207194   1208  95    38      0       61395  0     1       30714   270   19       Y       0     0       12     RING
2009/09/29  20:06:06  899210533   1209  29    45      0       61396  0     1       30715   270   252      Y       0     4       5      RING
2009/09/29  20:06:21  899210694   1210  29    48      2       61397  0     1       30716   270   209      Y       0     3       7      
2009/09/29  20:06:38  899210875   1211  29    48      2       61398  0     1       30717   270   164      Y       0     2       5      
2009/09/29  20:06:53  899211050   1212  29    46      0       61399  0     1       30718   270   123      Y       0     1       9      
2009/09/29  20:07:12  899211257   1213  29    47      0       61400  0     1       30719   270   79       Y       0     1       6      
2009/09/29  20:07:28  899211432   1214  29    47      0       61401  0     1       30720   270   34       Y       0     0       5      
2009/09/29  20:08:03  899211820   1215  29    47      0       61402  0     1       30721   270   9        Y       0     0       5      RING
2009/09/29  20:09:03  899212492   1216  29    44      0       61403  0     1       30722   270   9        Y       0     0       6      RING
2009/09/29  20:10:26  899213419   1217  29    39      2       61404  0     1       30723   270   41       Y       0     0       14     RING
2009/09/29  20:11:05  899213851   1218  31    21      0       61405  0     1       30724   270   15       Y       0     0       9      RING
2009/09/29  20:12:03  899214491   1219  31    27      0       61406  0     1       30725   270   14       Y       0     0       11     RING
2009/09/29  20:13:05  899215180   1220  31    27      0       61407  0     1       30726   270   10       Y       0     0       5      RING
2009/09/29  20:14:06  899215856   1221  31    30      2       61408  0     1       30727   270   11       Y       0     0       5      RING
2009/09/29  20:15:27  899216761   1222  31    48      2       61409  0     1       30728   270   42       Y       0     0       14     RING
2009/09/29  20:16:06  899217191   1223  31    48      2       61410  0     1       30729   270   11       Y       0     0       5      RING
2009/09/29  20:17:24  899218059   1224  31    44      2       61411  0     1       30730   270   37       Y       0     0       12     RING
2009/09/29  20:18:07  899218540   1225  31    44      2       61412  0     1       30731   270   13       Y       0     0       5      RING
2009/09/29  20:19:05  899219179   1226  31    1       2       61413  0     1       30732   270   16       Y       0     0       11     RING
2009/09/29  20:20:05  899219849   1227  30    20      0       61414  0     1       30733   270   20       Y       0     0       14     RING
2009/09/29  20:21:06  899220524   1228  30    26      2       61415  0     1       30734   270   15       Y       0     0       9      RING
2009/09/29  20:22:06  899221199   1229  30    26      0       61416  0     1       30735   270   15       Y       0     0       8      RING
2009/09/29  20:23:06  899221856   1230  30    30      0       61417  0     1       30736   270   13       Y       0     0       7      RING
2009/09/29  20:24:06  899222528   1231  30    32      0       61418  0     1       30737   270   19       Y       0     0       12     RING
2009/09/29  20:25:06  899223193   1232  30    16      0       61419  0     1       30738   270   19       Y       0     0       13     RING
2009/09/29  20:26:06  899223863   1233  30    13      0       61420  0     1       30739   270   13       Y       0     0       6      RING
2009/09/29  20:27:03  899224494   1234  30    8       0       61421  0     1       30740   270   10       Y       0     0       6      RING
2009/09/29  20:28:05  899225186   1235  30    1       2       61422  0     1       30741   270   20       Y       0     0       14     RING
2009/09/29  20:29:03  899225827   1236  30    1       2       61423  0     1       30742   270   9        Y       0     0       6      RING
2009/09/29  20:30:05  899226518   1237  32    20      2       61424  0     1       30743   270   11       Y       0     0       5      RING
2009/09/29  20:31:06  899227199   1238  32    26      2       61425  0     1       30744   270   20       Y       0     0       13     RING
2009/09/29  20:32:05  899227856   1239  32    29      2       61426  0     1       30745   270   15       Y       0     0       9      RING
2009/09/29  20:33:06  899228529   1240  32    29      18      61427  0     2       0       0     0        -       -     0       21     RING
2009/09/29  20:34:05  899229186   1241  32    16      2       61427  0     1       30746   270   71       Y       0     1       5      RING
2009/09/29  20:34:21  899229349   1242  32    16      2       61428  0     1       30747   270   32       Y       0     0       11     
2009/09/29  20:35:03  899229828   1243  32    13      0       61429  0     1       30748   270   9        Y       0     0       5      RING
2009/09/29  20:36:08  899230548   1244  32    8       0       61430  0     1       30749   270   19       Y       0     0       11     RING
2009/09/29  20:37:05  899231188   1245  32    8       2       61431  0     1       30750   270   11       Y       0     0       5      RING
2009/09/29  20:38:03  899231828   1246  32    1       2       61432  0     1       30751   270   9        Y       0     0       6      RING
2009/09/29  20:38:03  899231828   1246  32    1       2       61432  0     1       30751   270   9        Y       0     0       6      RING
2009/09/29  20:38:03  899231828   1246  32    1       2       61432  0     1       30751   270   9        Y       0     0       6      RING
2009/09/29  20:38:03  899231828   1246  32    1       2       61432  0     1       30751   270   9        Y       0     0       6      RING
2009/09/29  20:38:03  899231828   1246  32    1       2       61432  0     1       30751   270   9        Y       0   
